0 Minifig Torso with Arms and Hands with SW Shirt Open Collar No Vest Pattern
0 Name: 76382ps4.dat
0 Author: Chris Böhnke [KnightOfTarenta]
0 !LDRAW_ORG Shortcut UPDATE 2025-02
0 !LICENSE Licensed under CC BY 4.0 : see CAreadme.txt

0 BFC CERTIFY CCW

0 !KEYWORDS Bricklink 973ps4c01, BrickOwl 361148, Carbonite, Desert Skiff
0 !KEYWORDS Episode VI, Han Solo, Jabba, Mini Upper Part No 403
0 !KEYWORDS Original Trilogy, Rebrickable 973c27h01pr0004, Return of the Jedi
0 !KEYWORDS Set 7104, Star Wars, Tatooine

0 !HISTORY 2025-02-27 [OrionP] Official Update 2025-02

1 16 0 0 0 1 0 0 0 1 0 0 0 1 973ps4.dat
1 16 -15.552 9 0 0.985 -0.17 0 0.17 0.985 0 0 0 1 3818.dat
1 16 15.552 9 0 0.985 0.17 0 -0.17 0.985 0 0 0 1 3819.dat
1 14 -23.69 26.774 -9.898 0.985 -0.12 0.12 0.17 0.696 -0.696 0 0.707 0.707 3820.dat
1 14 23.69 26.774 -9.898 0.985 0.12 -0.12 -0.17 0.696 -0.696 0 0.707 0.707 3820.dat
